51 25 0 51 25 0 51 25 0 51 25 0 51 25 0 51 25 0 51 25 0 51 25 0 51 25 0 51 25 0 51 25 0 51 25 0 51 25 0 51 25 0 51 25 0 51 25 0 51 25 0 51 25 0 51 25 0 51 25 0
51 25 0 51 25 0 51 25 0 51 25 0 51 25 0 51 25 0 51 25 0 51 25 0 51 25 0 51 25 0 51 25 0 51 25 0 51 25 0 51 25 0 51 25 0 51 25 0 51 25 0 51 25 0 51 25 0 51 25 0
51 25 0 51 25 0 51 25 0 51 25 0 51 25 0 51 25 0 51 25 0 51 25 0 51 25 0 51 25 0 51 25 0 51 25 0 51 25 0 51 25 0 51 25 0 51 25 0 51 25 0 51 25 0 51 25 0 51 25 0
51 25 0 51 25 0 51 25 0 51 25 0 51 25 0 51 25 0 51 25 0 51 25 0 51 25 0 51 25 0 51 25 0 51 25 0 51 25 0 51 25 0 51 25 0 51 25 0 51 25 0 51 25 0 51 25 0 51 25 0
51 25 0 51 25 0 51 25 0 51 25 0 51 25 0 51 25 0 51 25 0 51 25 0 51 25 0 51 25 0 51 25 0 51 25 0 51 25 0 51 25 0 51 25 0 51 25 0 51 25 0 51 25 0 51 25 0 51 25 0
51 25 0 51 25 0 51 25 0 51 25 0 51 25 0 51 25 0 51 25 0 51 25 0 51 25 0 51 25 0 51 25 0 51 25 0 51 25 0 51 25 0 51 25 0 51 25 0 51 25 0 51 25 0 51 25 0 51 25 0
51 25 0 51 25 0 51 25 0 51 25 0 51 25 0 51 25 0 51 25 0 51 25 0 51 25 0 51 25 0 51 25 0 51 25 0 51 25 0 51 25 0 51 25 0 51 25 0 51 25 0 51 25 0 51 25 0 51 25 0
51 25 0 51 25 0 51 25 0 51 25 0 51 25 0 51 25 0 51 25 0 51 25 0 51 25 0 51 25 0 51 25 0 51 25 0 51 25 0 51 25 0 51 25 0 51 25 0 51 25 0 51 25 0 51 25 0 51 25 0
51 25 0 51 25 0 51 25 0 51 25 0 51 25 0 51 25 0 51 25 0 51 25 0 51 25 0 51 25 0 51 25 0 51 25 0 51 25 0 51 25 0 51 25 0 51 25 0 51 25 0 51 25 0 51 25 0 51 25 0
51 25 0 51 25 0 51 25 0 51 25 0 51 25 0 51 25 0 51 25 0 51 25 0 51 25 0 51 25 0 51 25 0 51 25 0 51 25 0 51 25 0 51 25 0 51 25 0 51 25 0 51 25 0 51 25 0 51 25 0
51 25 0 51 25 0 51 25 0 51 25 0 51 25 0 51 25 0 51 25 0 51 25 0 51 25 0 51 25 0 51 25 0 51 25 0 51 25 0 51 25 0 51 25 0 51 25 0 51 25 0 51 25 0 51 25 0 51 25 0
51 25 0 51 25 0 51 25 0 51 25 0 51 25 0 51 25 0 51 25 0 51 25 0 51 25 0 51 25 0 51 25 0 51 25 0 51 25 0 51 25 0 51 25 0 51 25 0 51 25 0 51 25 0 51 25 0 51 25 0
51 25 0 51 25 0 51 25 0 51 25 0 51 25 0 51 25 0 51 25 0 51 25 0 51 25 0 51 25 0 51 25 0 51 25 0 51 25 0 51 25 0 51 25 0 51 25 0 51 25 0 51 25 0 51 25 0 51 25 0
51 25 0 51 25 0 51 25 0 51 25 0 51 25 0 51 25 0 51 25 0 51 25 0 51 25 0 51 25 0 51 25 0 51 25 0 51 25 0 51 25 0 51 25 0 51 25 0 51 25 0 51 25 0 51 25 0 51 25 0
51 25 0 51 25 0 51 25 0 51 25 0 51 25 0 51 25 0 51 25 0 51 25 0 51 25 0 51 25 0 51 25 0 51 25 0 51 25 0 51 25 0 51 25 0 51 25 0 51 25 0 51 25 0 51 25 0 51 25 0
51 25 0 51 25 0 51 25 0 51 25 0 51 25 0 51 25 0 51 25 0 51 25 0 51 25 0 51 25 0 51 25 0 51 25 0 51 25 0 51 25 0 51 25 0 51 25 0 51 25 0 51 25 0 51 25 0 51 25 0
51 25 0 51 25 0 51 25 0 51 25 0 51 25 0 51 25 0 51 25 0 51 25 0 51 25 0 51 25 0 51 25 0 51 25 0 51 25 0 51 25 0 51 25 0 51 25 0 51 25 0 51 25 0 51 25 0 51 25 0
51 25 0 51 25 0 51 25 0 51 25 0 51 25 0 51 25 0 51 25 0 51 25 0 51 25 0 51 25 0 51 25 0 51 25 0 51 25 0 51 25 0 51 25 0 51 25 0 51 25 0 51 25 0 51 25 0 51 25 0
51 25 0 51 25 0 51 25 0 51 25 0 51 25 0 51 25 0 51 25 0 51 25 0 51 25 0 51 25 0 51 25 0 51 25 0 51 25 0 51 25 0 51 25 0 51 25 0 51 25 0 51 25 0 51 25 0 51 25 0
51 25 0 51 25 0 51 25 0 51 25 0 51 25 0 51 25 0 51 25 0 51 25 0 51 25 0 51 25 0 51 25 0 51 25 0 51 25 0 51 25 0 51 25 0 51 25 0 51 25 0 51 25 0 51 25 0 51 25 0
