25 51 0 25 51 0 25 51 0 25 51 0 25 51 0 25 51 0 25 51 0 25 51 0 25 51 0 25 51 0 25 51 0 25 51 0 25 51 0 25 51 0 25 51 0 25 51 0 25 51 0 25 51 0 25 51 0 25 51 0
25 51 0 25 51 0 25 51 0 25 51 0 25 51 0 25 51 0 25 51 0 25 51 0 25 51 0 25 51 0 25 51 0 25 51 0 25 51 0 25 51 0 25 51 0 25 51 0 25 51 0 25 51 0 25 51 0 25 51 0
25 51 0 25 51 0 25 51 0 25 51 0 25 51 0 25 51 0 25 51 0 25 51 0 25 51 0 25 51 0 25 51 0 25 51 0 25 51 0 25 51 0 25 51 0 25 51 0 25 51 0 25 51 0 25 51 0 25 51 0
25 51 0 25 51 0 25 51 0 25 51 0 25 51 0 25 51 0 25 51 0 25 51 0 25 51 0 25 51 0 25 51 0 25 51 0 25 51 0 25 51 0 25 51 0 25 51 0 25 51 0 25 51 0 25 51 0 25 51 0
25 51 0 25 51 0 25 51 0 25 51 0 25 51 0 25 51 0 25 51 0 25 51 0 25 51 0 25 51 0 25 51 0 25 51 0 25 51 0 25 51 0 25 51 0 25 51 0 25 51 0 25 51 0 25 51 0 25 51 0
25 51 0 25 51 0 25 51 0 25 51 0 25 51 0 25 51 0 25 51 0 25 51 0 25 51 0 25 51 0 25 51 0 25 51 0 25 51 0 25 51 0 25 51 0 25 51 0 25 51 0 25 51 0 25 51 0 25 51 0
25 51 0 25 51 0 25 51 0 25 51 0 25 51 0 25 51 0 25 51 0 25 51 0 25 51 0 25 51 0 25 51 0 25 51 0 25 51 0 25 51 0 25 51 0 25 51 0 25 51 0 25 51 0 25 51 0 25 51 0
25 51 0 25 51 0 25 51 0 25 51 0 25 51 0 25 51 0 25 51 0 25 51 0 25 51 0 25 51 0 25 51 0 25 51 0 25 51 0 25 51 0 25 51 0 25 51 0 25 51 0 25 51 0 25 51 0 25 51 0
25 51 0 25 51 0 25 51 0 25 51 0 25 51 0 25 51 0 25 51 0 25 51 0 25 51 0 25 51 0 25 51 0 25 51 0 25 51 0 25 51 0 25 51 0 25 51 0 25 51 0 25 51 0 25 51 0 25 51 0
25 51 0 25 51 0 25 51 0 25 51 0 25 51 0 25 51 0 25 51 0 25 51 0 25 51 0 25 51 0 25 51 0 25 51 0 25 51 0 25 51 0 25 51 0 25 51 0 25 51 0 25 51 0 25 51 0 25 51 0
25 51 0 25 51 0 25 51 0 25 51 0 25 51 0 25 51 0 25 51 0 25 51 0 25 51 0 25 51 0 25 51 0 25 51 0 25 51 0 25 51 0 25 51 0 25 51 0 25 51 0 25 51 0 25 51 0 25 51 0
25 51 0 25 51 0 25 51 0 25 51 0 25 51 0 25 51 0 25 51 0 25 51 0 25 51 0 25 51 0 25 51 0 25 51 0 25 51 0 25 51 0 25 51 0 25 51 0 25 51 0 25 51 0 25 51 0 25 51 0
25 51 0 25 51 0 25 51 0 25 51 0 25 51 0 25 51 0 25 51 0 25 51 0 25 51 0 25 51 0 25 51 0 25 51 0 25 51 0 25 51 0 25 51 0 25 51 0 25 51 0 25 51 0 25 51 0 25 51 0
25 51 0 25 51 0 25 51 0 25 51 0 25 51 0 25 51 0 25 51 0 25 51 0 25 51 0 25 51 0 25 51 0 25 51 0 25 51 0 25 51 0 25 51 0 25 51 0 25 51 0 25 51 0 25 51 0 25 51 0
25 51 0 25 51 0 25 51 0 25 51 0 25 51 0 25 51 0 25 51 0 25 51 0 25 51 0 25 51 0 25 51 0 25 51 0 25 51 0 25 51 0 25 51 0 25 51 0 25 51 0 25 51 0 25 51 0 25 51 0
25 51 0 25 51 0 25 51 0 25 51 0 25 51 0 25 51 0 25 51 0 25 51 0 25 51 0 25 51 0 25 51 0 25 51 0 25 51 0 25 51 0 25 51 0 25 51 0 25 51 0 25 51 0 25 51 0 25 51 0
25 51 0 25 51 0 25 51 0 25 51 0 25 51 0 25 51 0 25 51 0 25 51 0 25 51 0 25 51 0 25 51 0 25 51 0 25 51 0 25 51 0 25 51 0 25 51 0 25 51 0 25 51 0 25 51 0 25 51 0
25 51 0 25 51 0 25 51 0 25 51 0 25 51 0 25 51 0 25 51 0 25 51 0 25 51 0 25 51 0 25 51 0 25 51 0 25 51 0 25 51 0 25 51 0 25 51 0 25 51 0 25 51 0 25 51 0 25 51 0
25 51 0 25 51 0 25 51 0 25 51 0 25 51 0 25 51 0 25 51 0 25 51 0 25 51 0 25 51 0 25 51 0 25 51 0 25 51 0 25 51 0 25 51 0 25 51 0 25 51 0 25 51 0 25 51 0 25 51 0
25 51 0 25 51 0 25 51 0 25 51 0 25 51 0 25 51 0 25 51 0 25 51 0 25 51 0 25 51 0 25 51 0 25 51 0 25 51 0 25 51 0 25 51 0 25 51 0 25 51 0 25 51 0 25 51 0 25 51 0
